number_of_turns = 3;
number_of_turns2 = 8;
number_of_turns3 = 3;
number_of_turns4 = 8;
indx()={0.06865008611704307, 0.06865008611704307, 0.06865008611704307, 0.06865008611704307, 0.07703899405809463, 0.08599327816864569, 0.09529245425632932, 0.10470754574367071, 0.11400672183135434, 0.1229610059419054, 0.13134991388295694, 0.13134991388295694, 0.13134991388295694, 0.13134991388295694, 0.06865008611704307, 0.07760720436931648, 0.08656432262158989, 0.0955214408738633, 0.10447855912613671, 0.11343567737841012, 0.12239279563068353, 0.13134991388295694};
indy()={0.008841590138754463, -0.0011584098612455358, -0.011158409861245536, -0.021158409861245536, -0.025432771950677203, -0.028342195223860597, -0.029815040023987674, -0.029815040023987674, -0.02834219522386059, -0.025432771950677203, -0.02115840986124553, -0.011158409861245529, -0.0011584098612455289, 0.00884159013875447, 0.02884159013875447, 0.02884159013875447, 0.02884159013875447, 0.02884159013875447, 0.02884159013875447, 0.02884159013875447, 0.02884159013875447, 0.02884159013875447};
charge_r = 0.012;
charge_R = 0.1;
Current1=621.3921961911897;
Current2=509.7619270075541;
Current3=390.7586881348679;
Current4=-423.4858169284927;
